85	93	88
94	95	91
86	95	91
87	95	92
87	98	92
87	98	92
87	98	92
88	98	95
88	99	95
88	99	95
88	99	95
88	99	96
89	100	96
90	100	96
90	100	97
90	100	98
90	101	98
90	101	98
90	101	98
90	101	98
91	101	99
91	102	99
91	101	99
91	102	99
91	102	99
92	102	99
92	101	99
93	102	104
93	102	105
93	102	105
93	102	104
95	103	106
96	104	106
97	104	105
97	104	106
97	104	105
97	104	107
96	104	106
96	108	106
96	108	106
95	109	108
103	108	108
103	107	108
103	107	108
102	107	113
102	109	113
102	109	113
105	107	114
105	109	114
105	109	114
102	111	115
102	112	112
107	112	111
108	112	111
102	109	111
102	108	111
102	111	115
101	107	114
101	107	116
101	113	109
100	113	
100	113	
100	115	
100	107	
100	112	
97	112	
97	112	
101	112	
107	107	
106	107	
106	104.6428571429	
105		
105		
101		
106		
96.4533333333		


426
824
1448
2292
3320
4653
6092
7939
10079
12612
15651
19385
24087
29514
36161
44215
52855
63490
75334
88554
106252
124611
144836
167904
195274
230809
266062
307022
351661
399391
453323
515383
581252
654416
738045
837642
953117
1081410
1215157
1362867
1527318
1706426
1907867
2142323
2395736
2667776
2958308
3280164
3642365
4031069
4457699
